<HP,4,5,2,1.0,74,11.0>
<HP,4,7,2,1.0,67,4.0>
<HP,3,1,3,2.0,62,3.0>
<HP,4,2,2,2.0,68,8.0>
<HP,1,3,2,3.0,58,3.0>
<HP,2,5,2,3.0,53,9.0>
<HP,2,1,2,3.0,52,9.0>
<HP,4,5,3,3.0,60,1.0>
<HP,1,2,3,4.0,61,5.0>
<HP,3,6,5,4.0,62,4.0>
<HP,4,1,3,4.0,62,5.0>
<HP,4,2,3,5.0,59,7.0>
<HP,4,3,3,5.0,63,5.0>
<HP,3,6,8,9.0,96,7.0>
<HP,4,3,7,9.0,63,8.0>
<HP,1,2,7,10.0,77,5.0>
<HP,3,1,9,10.0,54,4.0>
<HP,4,6,8,10.0,69,3.0>
<HP,1,3,8,12.0,59,2.0>
<HP,4,7,9,12.0,48,6.0>
<HP,4,6,10,13.0,48,11.0>
<HP,4,7,10,14.0,56,5.0>
<HP,2,5,9,15.0,66,4.0>
<HP,2,1,9,16.0,59,1.0>
<HP,4,3,11,16.0,58,1.0>
<HP,4,6,11,17.0,55,7.0>
<HP,4,7,13,18.0,50,1.0>
<HP,4,7,13,19.0,52,1.0>
<HP,4,5,13,19.0,51,3.0>
<HP,4,6,13,20.0,47,3.0>
<HP,4,3,13,23.0,45,9.0>
<HP,4,7,13,24.0,56,6.0>
<HP,4,5,13,24.0,52,5.0>
<HP,4,1,13,30.0,92,8.0>
<HP,4,2,13,32.0,49,5.0>
<HP,4,2,13,39.0,49,3.0>
<HP,2,5,15,44.0,48,4.0>
<HP,3,6,15,49.0,56,4.0>
<HP,4,7,15,49.0,45,2.0>
<HP,2,5,18,53.0,41,2.0>
<HP,3,6,16,54.0,245,8.0>
<HP,4,7,16,54.0,71,1.0>
<HP,1,3,19,55.0,51,5.0>
<HP,4,6,19,55.0,54,5.0>
<HP,4,7,19,56.0,57,4.0>
<HP,2,1,18,57.0,58,5.0>
<HP,4,1,19,57.0,55,4.0>
<HP,3,1,19,64.0,48,5.0>
<HP,4,5,22,66.0,63,2.0>
<HP,4,7,22,66.0,52,4.0>
<HP,1,2,24,68.0,57,5.0>
<HP,1,3,27,72.0,47,6.0>
<HP,4,6,25,72.0,119,8.0>
<HP,4,7,25,73.0,146,4.0>
<HP,1,2,28,74.0,46,3.0>
<HP,4,5,26,74.0,48,2.0>
<HP,2,1,30,75.0,50,2.0>
<HP,4,7,26,75.0,54,7.0>
<HP,4,3,27,76.0,49,4.0>
<HP,4,6,28,76.0,58,7.0>
<HP,4,2,33,79.0,51,5.0>
<HP,1,3,30,80.0,51,3.0>
<HP,4,3,33,80.0,54,9.0>
<HP,4,2,34,81.0,46,5.0>
<HP,1,2,30,82.0,52,7.0>
<HP,4,3,36,83.0,50,5.0>
<HP,4,2,36,86.0,50,6.0>
<HP,2,1,34,87.0,50,1.0>
<HP,3,1,33,87.0,43,4.0>
<HP,4,5,37,87.0,40,6.0>
<HP,4,3,37,88.0,43,4.0>
<HP,4,6,38,90.0,38,8.0>
<HP,2,5,37,90.0,42,8.0>
<HP,4,1,38,90.0,48,6.0>
<HP,4,2,38,91.0,49,4.0>
<HP,4,3,38,91.0,36,4.0>
<HP,3,1,37,92.0,39,6.0>
<HP,4,2,39,92.0,33,5.0>
<HP,4,5,40,93.0,30,7.0>
<HP,4,5,40,94.0,32,11.0>
<HP,4,5,40,98.0,41,4.0>
<HP,4,1,40,98.0,41,7.0>
<HP,4,2,40,99.0,43,3.0>
