<HP,10,1,1,1.0,50,3.0>
<HP,10,2,1,1.0,463,3.0>
<HP,10,4,1,2.0,45,6.0>
<HP,10,5,1,3.0,46,3.0>
<HP,10,6,1,5.0,53,2.0>
<HP,10,7,1,6.0,54,4.0>
<HP,10,8,1,7.0,50,4.0>
<HP,10,9,1,8.0,46,1.0>
<HP,10,1,2,9.0,43,8.0>
<HP,10,2,2,10.0,56,7.0>
<HP,10,3,2,12.0,39,2.0>
<HP,10,4,2,14.0,38,3.0>
<HP,10,5,2,14.0,42,4.0>
<HP,10,6,2,15.0,52,4.0>
<HP,10,7,2,18.0,39,2.0>
<HP,10,8,2,19.0,38,7.0>
<HP,10,2,5,22.0,34,7.0>
<HP,10,3,5,24.0,47,6.0>
<HP,10,4,5,30.0,37,8.0>
<HP,10,5,5,30.0,40,2.0>
<HP,10,6,5,31.0,40,1.0>
<HP,10,7,5,33.0,38,9.0>
<HP,10,8,5,34.0,39,2.0>
<HP,10,9,5,39.0,38,6.0>
<HP,10,1,6,41.0,53,5.0>
<HP,10,3,6,44.0,33,4.0>
<HP,10,4,6,45.0,36,8.0>
<HP,10,5,6,45.0,34,10.0>
<HP,10,6,6,46.0,34,5.0>
<HP,10,7,6,47.0,53,9.0>
<HP,10,8,6,48.0,34,5.0>
<HP,10,9,6,48.0,34,3.0>
<HP,10,1,7,51.0,31,7.0>
<HP,10,2,7,52.0,31,6.0>
<HP,10,3,7,53.0,32,5.0>
<HP,10,5,7,54.0,33,2.0>
<HP,10,6,7,55.0,37,2.0>
<HP,10,7,7,56.0,33,3.0>
<HP,10,8,7,57.0,34,4.0>
<HP,10,9,7,58.0,43,3.0>
<HP,10,1,8,59.0,33,4.0>
<HP,10,2,8,60.0,38,3.0>
<HP,10,3,8,61.0,32,2.0>
<HP,10,4,8,61.0,31,7.0>
<HP,10,6,8,63.0,34,4.0>
<HP,10,7,8,63.0,38,7.0>
<HP,10,8,8,64.0,42,7.0>
<HP,10,9,8,65.0,35,4.0>
<HP,10,1,9,69.0,32,3.0>
<HP,10,2,9,69.0,34,4.0>
<HP,10,3,9,70.0,33,4.0>
<HP,10,4,9,72.0,28,5.0>
<HP,10,5,9,73.0,29,10.0>
<HP,10,7,9,74.0,39,6.0>
<HP,10,8,9,74.0,35,4.0>
<HP,10,9,9,75.0,39,6.0>
<HP,10,1,10,79.0,28,8.0>
<HP,10,2,10,81.0,173,2.0>
<HP,10,3,10,81.0,35,4.0>
<HP,10,4,10,82.0,29,7.0>
<HP,10,5,10,84.0,27,6.0>
<HP,10,6,10,85.0,26,9.0>
<HP,10,8,10,85.0,30,8.0>
<HP,10,9,10,86.0,32,2.0>
<HP,10,1,16,95.0,25,6.0>
<HP,10,2,16,96.0,27,3.0>
<HP,10,3,16,97.0,24,5.0>
<HP,10,4,16,100.0,40,4.0>
<HP,10,5,16,101.0,28,3.0>
<HP,10,6,16,102.0,25,7.0>
<HP,10,7,16,102.0,28,4.0>
<HP,10,9,16,103.0,28,5.0>
<HP,10,3,18,108.0,31,2.0>
<HP,10,3,18,108.0,28,3.0>
<HP,10,3,18,109.0,30,5.0>
<HP,10,3,19,111.0,34,4.0>
<HP,10,3,19,114.0,53,4.0>
<HP,10,3,19,115.0,37,3.0>
<HP,10,3,19,118.0,26,4.0>
<HP,10,9,19,122.0,82,3.0>
<HP,10,3,19,125.0,31,5.0>
<HP,10,9,19,130.0,32,3.0>
<HP,10,9,19,133.0,37,6.0>
<HP,10,9,19,139.0,35,3.0>
<HP,10,9,19,142.0,32,5.0>
<HP,10,9,19,147.0,48,7.0>
<HP,10,9,19,154.0,34,7.0>
<HP,10,1,19,161.0,32,5.0>
<HP,10,1,19,167.0,31,4.0>
<HP,10,9,19,172.0,32,1.0>
<HP,10,1,19,173.0,33,8.0>
<HP,10,1,19,182.0,32,3.0>
<HP,10,1,19,186.0,34,2.0>
<HP,10,1,19,189.0,32,4.0>
<HP,10,1,19,194.0,31,11.0>
<HP,10,1,19,206.0,30,7.0>
<HP,10,2,19,214.0,36,1.0>
<HP,10,2,19,215.0,38,3.0>
<HP,10,2,19,216.0,35,8.0>
<HP,10,2,19,219.0,31,1.0>
<HP,10,2,19,221.0,30,6.0>
<HP,10,2,19,225.0,34,9.0>
<HP,10,4,19,226.0,35,7.0>
<HP,10,4,19,228.0,33,8.0>
<HP,10,4,19,234.0,31,3.0>
<HP,10,2,19,235.0,28,6.0>
<HP,10,4,19,237.0,29,5.0>
<HP,10,4,19,238.0,29,9.0>
<HP,10,2,19,242.0,32,3.0>
<HP,10,4,19,243.0,30,9.0>
<HP,10,4,19,246.0,32,3.0>
<HP,10,5,19,248.0,30,4.0>
<HP,10,5,19,250.0,31,4.0>
<HP,10,5,19,253.0,29,5.0>
<HP,10,4,19,255.0,30,7.0>
<HP,10,5,19,259.0,31,7.0>
<HP,10,5,19,263.0,33,5.0>
<HP,10,5,19,267.0,28,6.0>
<HP,10,5,19,269.0,31,3.0>
<HP,10,6,19,273.0,32,7.0>
<HP,10,6,19,274.0,31,3.0>
<HP,10,6,19,278.0,29,5.0>
<HP,10,5,19,281.0,31,4.0>
<HP,10,6,19,284.0,31,7.0>
<HP,10,6,19,286.0,36,3.0>
<HP,10,6,19,290.0,36,3.0>
<HP,10,7,19,292.0,31,4.0>
<HP,10,6,19,294.0,37,7.0>
<HP,10,7,19,298.0,84,6.0>
<HP,10,6,19,302.0,30,2.0>
<HP,10,7,19,305.0,27,2.0>
<HP,10,7,19,306.0,37,3.0>
<HP,10,7,19,309.0,27,5.0>
<HP,10,7,19,311.0,28,6.0>
<HP,10,7,19,316.0,46,6.0>
<HP,10,7,19,319.0,32,5.0>
<HP,10,8,19,324.0,27,5.0>
<HP,10,8,19,326.0,61,4.0>
<HP,10,8,19,333.0,60,8.0>
<HP,10,8,19,334.0,32,5.0>
<HP,10,8,19,343.0,26,6.0>
<HP,10,8,19,345.0,26,4.0>
<HP,10,8,19,353.0,31,6.0>
<HP,10,8,19,363.0,26,5.0>
<HP,10,2,19,372.0,27,3.0>
<HP,10,3,19,376.0,37,3.0>
<HP,10,4,19,379.0,33,6.0>
<HP,10,5,19,380.0,34,6.0>
<HP,10,6,19,381.0,34,2.0>
<HP,10,7,19,384.0,28,5.0>
<HP,10,8,19,386.0,29,8.0>
<HP,10,9,19,387.0,32,3.0>
<HP,10,2,23,391.0,39,3.0>
<HP,10,3,23,395.0,31,3.0>
<HP,10,4,23,396.0,37,1.0>
<HP,10,5,23,398.0,29,8.0>
<HP,10,6,23,398.0,32,6.0>
<HP,10,7,23,399.0,32,5.0>
<HP,10,8,23,405.0,28,5.0>
<HP,10,9,23,406.0,31,7.0>
<HP,10,1,24,408.0,33,6.0>
<HP,10,3,24,413.0,28,4.0>
<HP,10,4,24,413.0,29,5.0>
<HP,10,5,24,414.0,31,3.0>
<HP,10,6,24,415.0,30,2.0>
<HP,10,7,24,417.0,254,4.0>
<HP,10,8,24,418.0,30,3.0>
<HP,10,9,24,419.0,26,3.0>
<HP,10,1,25,421.0,26,7.0>
<HP,10,3,25,422.0,30,8.0>
<HP,10,4,25,423.0,27,5.0>
<HP,10,5,25,425.0,25,2.0>
<HP,10,6,25,428.0,26,7.0>
<HP,10,7,25,429.0,25,4.0>
<HP,10,8,25,430.0,24,6.0>
<HP,10,9,25,430.0,26,4.0>
<HP,10,1,26,432.0,334,12.0>
<HP,10,1,26,433.0,30,5.0>
<HP,10,1,26,434.0,27,8.0>
<HP,10,1,26,434.0,26,5.0>
<HP,10,1,26,435.0,27,7.0>
<HP,10,1,26,436.0,294,4.0>
<HP,10,1,26,437.0,26,8.0>
<HP,10,1,26,439.0,23,7.0>
<HP,10,1,26,440.0,26,5.0>
<HP,10,2,26,441.0,23,5.0>
<HP,10,4,26,443.0,24,3.0>
<HP,10,5,26,444.0,28,0.0>
<HP,10,6,26,445.0,24,3.0>
<HP,10,7,26,446.0,28,1.0>
<HP,10,8,26,447.0,26,1.0>
<HP,10,9,26,449.0,24,6.0>
<HP,10,2,27,452.0,33,5.0>
<HP,10,2,27,455.0,30,4.0>
<HP,10,2,27,458.0,34,5.0>
<HP,10,2,27,460.0,29,2.0>
<HP,10,1,27,463.0,24,7.0>
<HP,10,2,27,464.0,28,5.0>
<HP,10,4,27,465.0,26,5.0>
<HP,10,5,27,470.0,28,7.0>
<HP,10,6,27,471.0,27,10.0>
<HP,10,7,27,472.0,28,4.0>
<HP,10,8,27,478.0,21,10.0>
<HP,10,9,27,479.0,30,7.0>
<HP,10,2,29,480.0,32,5.0>
<HP,10,2,29,482.0,25,4.0>
<HP,10,2,29,483.0,25,13.0>
<HP,10,2,29,486.0,26,3.0>
<HP,10,1,29,486.0,28,7.0>
<HP,10,2,29,487.0,28,3.0>
<HP,10,3,29,490.0,27,3.0>
<HP,10,5,29,491.0,28,4.0>
<HP,10,6,29,492.0,28,5.0>
<HP,10,7,29,493.0,26,3.0>
<HP,10,8,29,494.0,27,5.0>
<HP,10,9,29,496.0,32,3.0>
<HP,10,1,30,498.0,31,3.0>
<HP,10,2,30,499.0,25,8.0>
<HP,10,3,30,500.0,26,4.0>
<HP,10,5,30,501.0,27,0.0>
<HP,10,6,30,502.0,23,4.0>
<HP,10,7,30,503.0,43,5.0>
<HP,10,8,30,504.0,23,4.0>
<HP,10,9,30,504.0,20,8.0>
<HP,10,3,31,507.0,19,7.0>
<HP,10,3,31,508.0,22,4.0>
<HP,10,3,31,509.0,20,7.0>
<HP,10,3,31,510.0,20,7.0>
<HP,10,3,31,512.0,21,1.0>
<HP,10,3,31,512.0,19,6.0>
<HP,10,3,31,513.0,21,6.0>
<HP,10,3,31,514.0,21,2.0>
<HP,10,1,31,516.0,18,2.0>
<HP,10,2,31,517.0,21,6.0>
<HP,10,3,31,518.0,23,5.0>
<HP,10,4,31,519.0,19,4.0>
<HP,10,6,31,523.0,20,9.0>
<HP,10,7,31,524.0,33,5.0>
<HP,10,8,31,531.0,22,5.0>
<HP,10,9,31,533.0,75,10.0>
<HP,10,4,32,537.0,22,9.0>
<HP,10,4,32,540.0,31,4.0>
<HP,10,4,32,543.0,29,4.0>
<HP,10,1,32,545.0,25,5.0>
<HP,10,2,32,546.0,23,6.0>
<HP,10,3,32,547.0,27,6.0>
<HP,10,4,32,548.0,23,7.0>
<HP,10,6,32,551.0,24,9.0>
<HP,10,7,32,552.0,30,6.0>
<HP,10,8,32,553.0,26,7.0>
<HP,10,9,32,553.0,31,5.0>
<HP,10,4,34,555.0,30,5.0>
<HP,10,4,34,556.0,27,3.0>
<HP,10,4,34,557.0,23,6.0>
<HP,10,4,34,558.0,28,3.0>
<HP,10,4,34,558.0,26,7.0>
<HP,10,1,34,560.0,41,4.0>
<HP,10,2,34,561.0,24,5.0>
<HP,10,3,34,562.0,24,2.0>
<HP,10,4,34,564.0,24,6.0>
<HP,10,5,34,565.0,24,6.0>
<HP,10,7,34,566.0,23,4.0>
<HP,10,8,34,567.0,24,3.0>
<HP,10,9,34,568.0,24,7.0>
<HP,10,1,35,572.0,25,6.0>
<HP,10,2,35,574.0,27,3.0>
<HP,10,3,35,575.0,23,7.0>
<HP,10,4,35,576.0,27,0.0>
<HP,10,5,35,577.0,31,5.0>
<HP,10,7,35,578.0,30,5.0>
<HP,10,8,35,579.0,27,4.0>
<HP,10,9,35,580.0,30,5.0>
<HP,10,5,36,582.0,27,6.0>
<HP,10,5,36,583.0,29,3.0>
<HP,10,5,36,584.0,30,3.0>
<HP,10,5,36,585.0,31,1.0>
<HP,10,5,36,585.0,27,5.0>
<HP,10,5,36,586.0,25,5.0>
<HP,10,5,36,587.0,30,7.0>
<HP,10,5,36,588.0,34,4.0>
<HP,10,1,36,589.0,25,7.0>
<HP,10,2,36,591.0,31,6.0>
<HP,10,3,36,592.0,25,8.0>
<HP,10,4,36,593.0,26,4.0>
<HP,10,5,36,595.0,23,4.0>
<HP,10,6,36,597.0,24,6.0>
<HP,10,8,36,598.0,23,5.0>
<HP,10,9,36,600.0,32,2.0>
<HP,10,6,37,604.0,109,3.0>
<HP,10,6,37,607.0,71,1.0>
<HP,10,6,37,608.0,26,3.0>
<HP,10,6,37,609.0,22,2.0>
<HP,10,6,37,612.0,23,5.0>
<HP,10,6,37,616.0,24,5.0>
<HP,10,6,37,618.0,24,3.0>
<HP,10,1,37,619.0,25,8.0>
<HP,10,2,37,622.0,25,6.0>
<HP,10,3,37,623.0,23,6.0>
<HP,10,4,37,628.0,25,2.0>
<HP,10,5,37,629.0,26,4.0>
<HP,10,6,37,629.0,29,6.0>
<HP,10,8,37,630.0,21,6.0>
<HP,10,9,37,631.0,24,8.0>
<HP,10,6,39,634.0,22,3.0>
<HP,10,1,39,635.0,23,8.0>
<HP,10,2,39,636.0,25,1.0>
<HP,10,3,39,637.0,24,7.0>
<HP,10,4,39,638.0,22,2.0>
<HP,10,5,39,639.0,24,3.0>
<HP,10,6,39,639.0,26,6.0>
<HP,10,7,39,640.0,21,10.0>
<HP,10,9,39,641.0,23,6.0>
<HP,10,1,41,644.0,24,7.0>
<HP,10,2,41,646.0,30,7.0>
<HP,10,3,41,647.0,33,5.0>
<HP,10,4,41,651.0,26,10.0>
<HP,10,5,41,651.0,21,8.0>
<HP,10,6,41,652.0,24,4.0>
<HP,10,7,41,652.0,24,1.0>
<HP,10,9,41,653.0,20,6.0>
<HP,10,7,42,655.0,24,5.0>
<HP,10,7,42,657.0,22,5.0>
<HP,10,7,42,658.0,23,6.0>
<HP,10,7,42,659.0,24,2.0>
<HP,10,7,42,659.0,22,6.0>
<HP,10,7,42,660.0,22,4.0>
<HP,10,7,42,661.0,20,5.0>
<HP,10,7,42,662.0,23,5.0>
<HP,10,1,42,663.0,20,0.0>
<HP,10,2,42,663.0,29,3.0>
<HP,10,3,42,664.0,21,6.0>
<HP,10,4,42,666.0,18,5.0>
<HP,10,5,42,667.0,25,3.0>
<HP,10,6,42,668.0,20,2.0>
<HP,10,7,42,669.0,19,7.0>
<HP,10,8,42,670.0,22,2.0>
<HP,10,8,43,672.0,22,3.0>
<HP,10,8,44,675.0,18,2.0>
<HP,10,8,44,675.0,22,2.0>
<HP,10,8,44,676.0,19,5.0>
<HP,10,8,44,677.0,22,7.0>
<HP,10,8,44,678.0,23,3.0>
<HP,10,8,44,679.0,17,1.0>
<HP,10,8,44,680.0,18,5.0>
<HP,10,1,44,681.0,17,8.0>
<HP,10,2,45,683.0,18,10.0>
<HP,10,3,45,683.0,15,3.0>
<HP,10,4,45,683.0,17,5.0>
<HP,10,5,45,684.0,14,5.0>
<HP,10,6,45,685.0,14,6.0>
<HP,10,7,45,686.0,13,5.0>
<HP,10,8,45,686.0,14,3.0>
<HP,10,2,46,687.0,11,7.0>
<HP,10,3,46,688.0,12,1.0>
<HP,10,4,46,689.0,11,8.0>
<HP,10,5,46,690.0,12,4.0>
<HP,10,6,46,691.0,13,2.0>
<HP,10,7,46,692.0,13,6.0>
<HP,10,8,46,693.0,11,3.0>
<HP,10,9,46,694.0,284,5.0>
<HP,10,9,64,705.0,13,10.0>
<HP,10,2,65,715.0,13,1.0>
<HP,10,3,65,717.0,25,2.0>
<HP,10,4,65,718.0,36,4.0>
<HP,10,5,65,719.0,21,4.0>
<HP,10,6,65,719.0,14,8.0>
<HP,10,7,65,723.0,32,10.0>
<HP,10,8,65,724.0,16,3.0>
<HP,10,9,65,725.0,19,4.0>
<HP,10,9,66,729.0,14,5.0>
<HP,10,9,67,731.0,15,4.0>
<HP,10,9,67,734.0,13,6.0>
<HP,10,9,67,735.0,12,10.0>
<HP,10,9,67,737.0,14,3.0>
<HP,10,9,67,740.0,26,5.0>
<HP,10,9,67,745.0,13,4.0>
<HP,10,1,67,749.0,14,5.0>
<HP,10,3,67,755.0,14,4.0>
<HP,10,4,67,759.0,13,4.0>
<HP,10,5,67,762.0,14,4.0>
<HP,10,6,67,762.0,17,5.0>
<HP,10,7,67,764.0,13,5.0>
<HP,10,8,67,767.0,13,4.0>
<HP,10,9,67,768.0,20,4.0>
<HP,10,1,68,772.0,13,4.0>
<HP,10,3,68,774.0,17,1.0>
<HP,10,4,68,774.0,13,4.0>
<HP,10,5,68,775.0,17,4.0>
<HP,10,6,68,775.0,18,1.0>
<HP,10,7,68,777.0,12,1.0>
<HP,10,8,68,778.0,13,7.0>
<HP,10,9,68,779.0,26,5.0>
<HP,10,1,69,781.0,27,4.0>
<HP,10,1,69,782.0,26,6.0>
<HP,10,1,69,784.0,26,4.0>
<HP,10,1,69,784.0,33,6.0>
<HP,10,1,69,786.0,25,5.0>
<HP,10,1,69,789.0,22,9.0>
<HP,10,1,69,791.0,30,7.0>
<HP,10,1,69,792.0,28,3.0>
<HP,10,1,69,793.0,25,5.0>
<HP,10,2,69,796.0,25,5.0>
<HP,10,4,69,799.0,32,8.0>
<HP,10,5,69,802.0,31,4.0>
<HP,10,6,69,807.0,26,5.0>
<HP,10,7,69,808.0,30,6.0>
<HP,10,8,69,810.0,23,6.0>
<HP,10,9,69,811.0,26,5.0>
<HP,10,1,70,816.0,24,3.0>
<HP,10,2,70,818.0,22,3.0>
<HP,10,4,70,819.0,23,3.0>
<HP,10,5,70,820.0,29,3.0>
<HP,10,6,70,821.0,21,7.0>
<HP,10,7,70,822.0,24,5.0>
<HP,10,8,70,823.0,22,10.0>
<HP,10,9,70,824.0,26,3.0>
<HP,10,2,71,825.0,32,5.0>
<HP,10,2,71,827.0,29,4.0>
<HP,10,2,71,827.0,24,6.0>
<HP,10,2,71,829.0,22,1.0>
<HP,10,2,71,830.0,23,7.0>
<HP,10,2,71,831.0,21,6.0>
<HP,10,2,71,832.0,27,10.0>
<HP,10,2,71,834.0,24,6.0>
<HP,10,1,71,837.0,22,5.0>
<HP,10,2,71,838.0,29,2.0>
<HP,10,3,71,841.0,25,10.0>
<HP,10,5,71,843.0,1774,5.0>
<HP,10,6,71,849.0,40,3.0>
<HP,10,7,71,851.0,11,2.0>
<HP,10,8,71,853.0,13,7.0>
<HP,10,9,71,854.0,11,6.0>
<HP,10,1,72,860.0,10,7.0>
<HP,10,2,72,864.0,588,3.0>
<HP,10,3,72,867.0,9,11.0>
<HP,10,5,72,868.0,11,10.0>
<HP,10,6,72,869.0,14,2.0>
<HP,10,7,72,872.0,12,3.0>
<HP,10,8,72,873.0,11,10.0>
<HP,10,9,72,877.0,9,3.0>
<HP,10,3,73,878.0,10,10.0>
<HP,10,3,73,879.0,10,4.0>
<HP,10,3,73,880.0,13,6.0>
<HP,10,3,73,880.0,11,5.0>
<HP,10,3,73,883.0,12,7.0>
<HP,10,3,73,885.0,12,6.0>
<HP,10,3,73,886.0,16,2.0>
<HP,10,3,73,887.0,14,5.0>
<HP,10,1,73,888.0,9,5.0>
<HP,10,2,73,890.0,8,3.0>
<HP,10,3,73,891.0,10,2.0>
<HP,10,4,73,892.0,81,4.0>
<HP,10,6,73,893.0,10,8.0>
<HP,10,7,73,894.0,12,2.0>
<HP,10,8,73,897.0,11,9.0>
<HP,10,9,73,898.0,10,4.0>
<HP,10,1,74,906.0,12,5.0>
<HP,10,2,74,907.0,13,6.0>
<HP,10,3,74,910.0,10,6.0>
<HP,10,4,74,912.0,11,5.0>
<HP,10,6,74,913.0,12,4.0>
<HP,10,7,74,914.0,10,5.0>
<HP,10,8,74,915.0,10,4.0>
<HP,10,9,74,916.0,10,2.0>
<HP,10,4,75,917.0,8,11.0>
<HP,10,4,75,918.0,10,3.0>
<HP,10,4,75,918.0,11,3.0>
<HP,10,4,75,919.0,10,7.0>
<HP,10,4,75,921.0,8,8.0>
<HP,10,4,75,922.0,10,5.0>
<HP,10,4,75,923.0,10,4.0>
<HP,10,4,75,927.0,9,4.0>
<HP,10,1,75,928.0,8,6.0>
<HP,10,2,75,929.0,9,9.0>
<HP,10,3,75,930.0,70,11.0>
<HP,10,4,75,932.0,11,7.0>
<HP,10,5,75,935.0,10,4.0>
<HP,10,7,75,939.0,8,5.0>
<HP,10,8,75,940.0,8,5.0>
<HP,10,9,75,941.0,11,8.0>
<HP,10,5,76,948.0,9,7.0>
<HP,10,5,76,949.0,8,6.0>
<HP,10,1,76,950.0,11,1.0>
<HP,10,2,76,952.0,7,10.0>
<HP,10,3,76,953.0,8,7.0>
<HP,10,4,76,955.0,12,3.0>
<HP,10,5,76,956.0,8,6.0>
<HP,10,7,76,957.0,8,5.0>
<HP,10,8,76,959.0,9,4.0>
<HP,10,9,76,960.0,9,5.0>
<HP,10,5,77,961.0,11,4.0>
<HP,10,5,77,963.0,9,9.0>
<HP,10,5,77,964.0,9,3.0>
<HP,10,5,77,965.0,8,7.0>
<HP,10,5,77,965.0,7,10.0>
<HP,10,5,77,966.0,9,3.0>
<HP,10,1,77,967.0,9,7.0>
<HP,10,2,77,968.0,9,5.0>
<HP,10,3,77,970.0,9,2.0>
<HP,10,4,77,971.0,8,2.0>
<HP,10,5,77,972.0,8,9.0>
<HP,10,6,77,973.0,9,4.0>
<HP,10,8,77,974.0,11,2.0>
<HP,10,9,77,975.0,8,7.0>
<HP,10,6,78,978.0,8,7.0>
<HP,10,1,78,980.0,10,8.0>
<HP,10,2,78,982.0,9,4.0>
<HP,10,3,78,984.0,9,3.0>
<HP,10,4,78,986.0,9,6.0>
<HP,10,5,78,987.0,9,3.0>
<HP,10,6,78,987.0,19,2.0>
<HP,10,8,78,988.0,14,5.0>
<HP,10,9,78,989.0,10,5.0>
<HP,10,6,79,991.0,8,6.0>
<HP,10,6,79,992.0,7,6.0>
<HP,10,6,79,993.0,7,7.0>
<HP,10,6,79,994.0,7,6.0>
<HP,10,6,79,994.0,8,6.0>
<HP,10,6,79,997.0,7,3.0>
<HP,10,6,79,998.0,7,7.0>
<HP,10,7,79,999.0,8,5.0>
